ATOM;A;{74.785,29.793,38.223}
ATOM;B;{54.094,54.867,45.47}
TRIAD;{0.0,-0.0005,-0.0003};{1.0,0.0001,-0};{-0.0001,1.0,0.0004};{0.0,-0.0004,1.0}
TRIAD;{-0.6148,-1.068,3.6895};{0.8216,0.5672,-0.0563};{-0.5696,0.8207,-0.0437};{0.0214,0.068,0.9975}
TRIAD;{-0.3426,-1.4957,6.9298};{0.4086,0.9125,-0.0214};{-0.9124,0.4077,-0.0346};{-0.0228,0.0336,0.9992}
TRIAD;{0.0664,-1.4384,9.8722};{-0.1581,0.9869,-0.0322};{-0.986,-0.1596,-0.0476};{-0.0521,0.0242,0.9983}
TRIAD;{0.4428,0.0477,13.5266};{-0.697,0.7058,-0.1269};{-0.717,-0.6879,0.1125};{-0.0079,0.1694,0.9855}
TRIAD;{1.0028,1.5132,16.8793};{-0.9716,0.2142,-0.1003};{-0.228,-0.9612,0.1556};{-0.0631,0.174,0.9827}
TRIAD;{1.2345,1.8743,19.7353};{-0.9555,-0.2906,0.0497};{0.2925,-0.913,0.2843};{-0.0373,0.2862,0.9575}
TRIAD;{0.4252,0.065,25.0808};{-0.4117,-0.6791,-0.6077};{0.5984,-0.7044,0.3817};{-0.6873,-0.2065,0.6964}
TRIAD;{-1.4376,-0.9978,27.1783};{-0.0812,-0.9424,-0.3245};{0.8005,-0.2556,0.542};{-0.5938,-0.2157,0.7752}
TRIAD;{-4.2998,-2.0531,29.1727};{0.4084,-0.9128,0.0073};{0.6986,0.3177,0.6411};{-0.5875,-0.2567,0.7674}
TRIAD;{-7.531,-2.9944,31.3801};{0.779,-0.5563,0.2893};{0.3795,0.7856,0.4886};{-0.4991,-0.2708,0.8231}
TRIAD;{-8.9906,-4.3455,33.5872};{0.8675,-0.0012,0.4974};{-0.1568,0.9483,0.2758};{-0.472,-0.3173,0.8225}
TRIAD;{-10.2807,-5.9205,36.221};{0.6289,0.443,0.6389};{-0.56,0.8281,-0.023};{-0.5393,-0.3434,0.769}
TRIAD;{-11.0352,-6.9303,39.7133};{0.2106,0.8624,0.4604};{-0.8557,0.3903,-0.3398};{-0.4727,-0.3224,0.8201}