ATOM;A;{63.288,45.98,48.601}
ATOM;B;{79.223,19.85,35.461}
TRIAD;{0.0004,-0.0004,-0.0007};{1.0,0.0003,-0.0002};{-0.0003,1.0,0.0003};{0.0002,-0.0003,1.0}
TRIAD;{-0.1246,-0.8414,3.2315};{0.8897,0.4415,-0.1167};{-0.4346,0.897,0.0805};{0.1402,-0.0209,0.9899}
TRIAD;{1.0045,-1.1921,6.6098};{0.4728,0.8807,-0.0293};{-0.8713,0.4722,0.1333};{0.1312,-0.0375,0.9906}
TRIAD;{1.9648,-1.0342,9.9725};{-0.0944,0.994,-0.0552};{-0.9779,-0.0822,0.1923};{0.1866,0.0721,0.9798}
TRIAD;{3.3984,-1.4839,12.9896};{-0.6217,0.7753,0.1111};{-0.7674,-0.6314,0.1114};{0.1565,-0.016,0.9875}
TRIAD;{3.9077,-0.7092,16.0077};{-0.9354,0.3122,0.1662};{-0.3221,-0.946,-0.0356};{0.1461,-0.0868,0.9854}
TRIAD;{4.631,-1.6418,18.9731};{-0.9269,-0.2836,0.2459};{0.3201,-0.9393,0.1231};{0.1961,0.1928,0.9614}
TRIAD;{4.5458,-3.7835,24.0544};{-0.6418,-0.4927,-0.5877};{0.5107,-0.8463,0.1518};{-0.5721,-0.2027,0.7947}
TRIAD;{3.8299,-5.267,26.6462};{-0.2382,-0.8819,-0.4067};{0.8933,-0.3633,0.2646};{-0.3811,-0.3003,0.8744}
TRIAD;{1.9487,-5.7667,29.1587};{0.2925,-0.9324,-0.2124};{0.8677,0.1655,0.4687};{-0.4019,-0.3214,0.8574}
TRIAD;{0.5286,-7.5504,31.5018};{0.6993,-0.6978,0.1553};{0.5436,0.6602,0.5183};{-0.4642,-0.278,0.841}
TRIAD;{-1.2105,-8.737,34.2945};{0.935,-0.1801,0.3056};{0.0778,0.9447,0.3186};{-0.3461,-0.2741,0.8973}
TRIAD;{-2.7237,-10.3618,37.0766};{0.7888,0.3912,0.4741};{-0.4736,0.8785,0.063};{-0.3918,-0.2742,0.8782}
TRIAD;{-3.013,-11.401,40.3835};{0.5667,0.7539,0.3323};{-0.7598,0.6342,-0.1432};{-0.3187,-0.1713,0.9322}