ATOM;A;{4.247,84.34,48.982}
ATOM;B;{35.194,72.575,52.62}
TRIAD;{-0.0001,0.0001,0.0007};{1.0,0.0002,0.0003};{-0.0002,1.0,0.0004};{-0.0003,-0.0004,1.0}
TRIAD;{-0.147,0.9187,4.1003};{0.8062,0.5512,-0.2148};{-0.5375,0.8342,0.1233};{0.2471,0.016,0.9688}
TRIAD;{-0.3951,1.5938,7.8682};{0.3792,0.8801,-0.2857};{-0.8626,0.448,0.2351};{0.3349,0.1572,0.929}
TRIAD;{0.3422,2.8925,11.0552};{-0.0846,0.928,-0.3628};{-0.9485,0.0365,0.3146};{0.3052,0.3707,0.8772}
TRIAD;{0.2823,3.4953,14.5691};{-0.6759,0.7305,-0.0976};{-0.6853,-0.5742,0.4479};{0.2712,0.3696,0.8888}
TRIAD;{0.358,5.319,17.3732};{-0.9548,0.2955,0.0327};{-0.2478,-0.8517,0.4618};{0.1643,0.4328,0.8864}
TRIAD;{-0.2818,6.9552,19.966};{-0.9644,-0.254,0.0739};{0.257,-0.8341,0.4881};{-0.0623,0.4897,0.8697}
TRIAD;{-0.2779,7.8391,23.1362};{-0.6662,-0.7456,0.0167};{0.6516,-0.571,0.4995};{-0.3629,0.3436,0.8662}
TRIAD;{-0.4942,7.7101,27.2778};{-0.0822,-0.9825,-0.1674};{0.856,-0.1556,0.493};{-0.5104,-0.1027,0.8538}
TRIAD;{-2.0426,5.9554,29.7024};{0.441,-0.8942,-0.0771};{0.752,0.3212,0.5756};{-0.4899,-0.3118,0.8141}
TRIAD;{-3.7314,4.8932,32.1475};{0.805,-0.5688,0.1684};{0.3782,0.7108,0.593};{-0.457,-0.4137,0.7874}
TRIAD;{-5.1461,3.5433,34.9029};{0.8498,-0.0108,0.5269};{-0.1902,0.9262,0.3257};{-0.4915,-0.377,0.785}
TRIAD;{-7.2074,1.9397,36.8033};{0.6607,0.5639,0.4955};{-0.6481,0.7615,-0.0025};{-0.3788,-0.3195,0.8686}
TRIAD;{-8.6303,1.2476,39.9509};{0.056,0.8455,0.531};{-0.8824,0.2907,-0.3699};{-0.4671,-0.4479,0.7624}
TRIAD;{-9.301,0.063,42.8035};{-0.3877,0.9075,0.1614};{-0.7896,-0.2366,-0.5662};{-0.4756,-0.347,0.8083}